# unix_time, cycles_done, cur_path, paths_total, pending_total, pending_favs, map_size, unique_crashes, unique_hangs, max_depth, execs_per_sec
1497252937, 0, 0, 1, 1, 1, 0.00%, 0, 0, 1, 2666.67
1497252942, 73, 0, 1, 0, 0, 0.00%, 0, 0, 1, 3583.56
1497252947, 155, 0, 1, 0, 0, 0.00%, 0, 0, 1, 3930.01
1497252952, 236, 0, 1, 0, 0, 0.00%, 0, 0, 1, 4008.16
1497252957, 305, 0, 1, 0, 0, 0.00%, 0, 0, 1, 3552.17
1497252962, 381, 0, 1, 0, 0, 0.00%, 0, 0, 1, 3715.08
1497252967, 446, 0, 1, 0, 0, 0.00%, 0, 0, 1, 3766.79
1497252972, 525, 0, 1, 0, 0, 0.00%, 0, 0, 1, 4004.89
1497252977, 601, 0, 1, 0, 0, 0.00%, 0, 0, 1, 3924.71
1497252983, 638, 0, 1, 0, 0, 0.00%, 0, 0, 1, 2503.69
1497252988, 707, 0, 1, 0, 0, 0.00%, 0, 0, 1, 3461.49
1497252993, 758, 0, 1, 0, 0, 0.00%, 0, 0, 1, 2897.55
1497252998, 838, 0, 1, 0, 0, 0.00%, 0, 0, 1, 4796.60
1497253003, 923, 0, 1, 0, 0, 0.00%, 0, 0, 1, 4809.04
1497253008, 1002, 0, 1, 0, 0, 0.00%, 0, 0, 1, 4307.27
1497253013, 1044, 0, 1, 0, 0, 0.00%, 0, 0, 1, 2600.80
1497253018, 1106, 0, 1, 0, 0, 0.00%, 0, 0, 1, 3040.46
1497253024, 1155, 0, 1, 0, 0, 0.00%, 0, 0, 1, 2836.93
1497253029, 1226, 0, 1, 0, 0, 0.00%, 0, 0, 1, 3429.57
1497253034, 1262, 0, 1, 0, 0, 0.00%, 0, 0, 1, 2193.60
1497253039, 1327, 0, 1, 0, 0, 0.00%, 0, 0, 1, 3235.88
1497253044, 1371, 0, 1, 0, 0, 0.00%, 0, 0, 1, 1072.81
1497253049, 1412, 0, 1, 0, 0, 0.00%, 0, 0, 1, 1861.01
1497253054, 1479, 0, 1, 0, 0, 0.00%, 0, 0, 1, 3260.74
1497253060, 1552, 0, 1, 0, 0, 0.00%, 0, 0, 1, 3410.40
1497253065, 1609, 0, 1, 0, 0, 0.00%, 0, 0, 1, 3373.92
1497253070, 1680, 0, 1, 0, 0, 0.00%, 0, 0, 1, 3377.11
1497253075, 1730, 0, 1, 0, 0, 0.00%, 0, 0, 1, 2974.38
1497253080, 1812, 0, 1, 0, 0, 0.00%, 0, 0, 1, 4961.07
1497253085, 1892, 0, 1, 0, 0, 0.00%, 0, 0, 1, 4358.95
1497253090, 1975, 0, 1, 0, 0, 0.00%, 0, 0, 1, 4330.12
1497253095, 2022, 0, 1, 0, 0, 0.00%, 0, 0, 1, 2066.30
1497253100, 2064, 0, 1, 0, 0, 0.00%, 0, 0, 1, 2388.42
1497253105, 2145, 0, 1, 0, 0, 0.00%, 0, 0, 1, 1626.42
1497253111, 2237, 0, 1, 0, 0, 0.00%, 0, 0, 1, 3774.09
1497253116, 2318, 0, 1, 0, 0, 0.00%, 0, 0, 1, 4004.72
1497253121, 2399, 0, 1, 0, 0, 0.00%, 0, 0, 1, 3971.14
1497253126, 2485, 0, 1, 0, 0, 0.00%, 0, 0, 1, 4207.43
1497253131, 2564, 0, 1, 0, 0, 0.00%, 0, 0, 1, 4098.37
1497253136, 2642, 0, 1, 0, 0, 0.00%, 0, 0, 1, 4052.62
1497253141, 2714, 0, 1, 0, 0, 0.00%, 0, 0, 1, 3837.33
1497253147, 2789, 0, 1, 0, 0, 0.00%, 0, 0, 1, 3563.86
1497253152, 2862, 0, 1, 0, 0, 0.00%, 0, 0, 1, 3643.46
1497253157, 2896, 0, 1, 0, 0, 0.00%, 0, 0, 1, 2214.85
1497253162, 2957, 0, 1, 0, 0, 0.00%, 0, 0, 1, 3159.65
1497253167, 3040, 0, 1, 0, 0, 0.00%, 0, 0, 1, 4865.17
1497253172, 3118, 0, 1, 0, 0, 0.00%, 0, 0, 1, 4284.12
1497253177, 3196, 0, 1, 0, 0, 0.00%, 0, 0, 1, 4166.46
1497253182, 3276, 0, 1, 0, 0, 0.00%, 0, 0, 1, 4147.78
1497253188, 3357, 0, 1, 0, 0, 0.00%, 0, 0, 1, 4152.58
1497253193, 3436, 0, 1, 0, 0, 0.00%, 0, 0, 1, 4179.22
1497253198, 3510, 0, 1, 0, 0, 0.00%, 0, 0, 1, 3858.85
1497253203, 3578, 0, 1, 0, 0, 0.00%, 0, 0, 1, 3578.50
1497253208, 3652, 0, 1, 0, 0, 0.00%, 0, 0, 1, 5525.00
1497253213, 3721, 0, 1, 0, 0, 0.00%, 0, 0, 1, 4273.08
1497253218, 3786, 0, 1, 0, 0, 0.00%, 0, 0, 1, 3376.77
1497253223, 3856, 0, 1, 0, 0, 0.00%, 0, 0, 1, 3542.65
1497253228, 3904, 0, 1, 0, 0, 0.00%, 0, 0, 1, 2490.14
1497253233, 3951, 0, 1, 0, 0, 0.00%, 0, 0, 1, 2524.62
1497253239, 4032, 0, 1, 0, 0, 0.00%, 0, 0, 1, 3742.52
1497253244, 4106, 0, 1, 0, 0, 0.00%, 0, 0, 1, 3884.10
1497253249, 4183, 0, 1, 0, 0, 0.00%, 0, 0, 1, 3962.34
1497253254, 4232, 0, 1, 0, 0, 0.00%, 0, 0, 1, 1342.03
