# unix_time, cycles_done, cur_path, paths_total, pending_total, pending_favs, map_size, unique_crashes, unique_hangs, max_depth, execs_per_sec
1497250417, 0, 0, 2, 2, 1, 0.00%, 0, 0, 1, 200.00
1497250422, 11, 1, 2, 0, 0, 0.00%, 0, 0, 1, 3718.56
1497250427, 20, 1, 2, 0, 0, 0.00%, 0, 0, 1, 2736.04
1497250432, 25, 1, 2, 0, 0, 0.00%, 0, 0, 1, 1758.96
1497250437, 33, 1, 2, 0, 0, 0.00%, 0, 0, 1, 2053.23
1497250443, 41, 1, 2, 0, 0, 0.00%, 0, 0, 1, 2451.05
1497250448, 53, 1, 2, 0, 0, 0.00%, 0, 0, 1, 3176.05
1497250453, 64, 1, 2, 0, 0, 0.00%, 0, 0, 1, 3938.66
1497250458, 74, 0, 2, 0, 0, 0.00%, 0, 0, 1, 2865.37
1497250463, 84, 0, 2, 0, 0, 0.00%, 0, 0, 1, 2926.20
1497250468, 96, 0, 2, 0, 0, 0.00%, 0, 0, 1, 3211.70
1497250474, 108, 0, 2, 0, 0, 0.00%, 0, 0, 1, 3392.13
1497250479, 117, 1, 2, 0, 0, 0.00%, 0, 0, 1, 3235.07
1497250484, 127, 1, 2, 0, 0, 0.00%, 0, 0, 1, 2976.03
1497250489, 137, 1, 2, 0, 0, 0.00%, 0, 0, 1, 3101.42
1497250494, 149, 1, 2, 0, 0, 0.00%, 0, 0, 1, 3868.33
1497250499, 160, 0, 2, 0, 0, 0.00%, 0, 0, 1, 4487.79
1497250504, 173, 0, 2, 0, 0, 0.00%, 0, 0, 1, 3876.67
1497250509, 185, 1, 2, 0, 0, 0.00%, 0, 0, 1, 3738.78
1497250514, 197, 1, 2, 0, 0, 0.00%, 0, 0, 1, 3617.27
1497250519, 209, 0, 2, 0, 0, 0.00%, 0, 0, 1, 3389.05
1497250525, 219, 1, 2, 0, 0, 0.00%, 0, 0, 1, 2865.91
1497250530, 232, 0, 2, 0, 0, 0.00%, 0, 0, 1, 3518.49
1497250535, 243, 1, 2, 0, 0, 0.00%, 0, 0, 1, 3451.53
1497250540, 254, 1, 2, 0, 0, 0.00%, 0, 0, 1, 3486.61
1497250545, 264, 0, 2, 0, 0, 0.00%, 0, 0, 1, 1655.04
1497250550, 275, 1, 2, 0, 0, 0.00%, 0, 0, 1, 3694.57
1497250555, 288, 0, 2, 0, 0, 0.00%, 0, 0, 1, 3616.48
1497250560, 296, 0, 2, 0, 0, 0.00%, 0, 0, 1, 1843.74
1497250566, 306, 1, 2, 0, 0, 0.00%, 0, 0, 1, 2925.83
1497250571, 316, 1, 2, 0, 0, 0.00%, 0, 0, 1, 3066.55
1497250576, 325, 1, 2, 0, 0, 0.00%, 0, 0, 1, 2442.41
1497250581, 337, 1, 2, 0, 0, 0.00%, 0, 0, 1, 3266.37
1497250586, 350, 0, 2, 0, 0, 0.00%, 0, 0, 1, 3377.19
1497250592, 357, 1, 2, 0, 0, 0.00%, 0, 0, 1, 2256.60
