# unix_time, cycles_done, cur_path, paths_total, pending_total, pending_favs, map_size, unique_crashes, unique_hangs, max_depth, execs_per_sec
1497238400, 0, 0, 1, 1, 1, 0.00%, 0, 0, 1, 52.29
1497238405, 63, 0, 1, 0, 0, 0.00%, 0, 0, 1, 3837.46
1497238410, 126, 0, 1, 0, 0, 0.00%, 0, 0, 1, 758.23
1497238415, 170, 0, 1, 0, 0, 0.00%, 0, 0, 1, 1362.63
1497238420, 237, 0, 1, 0, 0, 0.00%, 0, 0, 1, 3106.73
1497238426, 320, 0, 1, 0, 0, 0.00%, 0, 0, 1, 3872.85
1497238431, 398, 0, 1, 0, 0, 0.00%, 0, 0, 1, 4976.65
1497238436, 477, 0, 1, 0, 0, 0.00%, 0, 0, 1, 4182.93
1497238441, 538, 0, 1, 0, 0, 0.00%, 0, 0, 1, 3004.22
1497238446, 615, 0, 1, 0, 0, 0.00%, 0, 0, 1, 4712.13
1497238451, 694, 0, 1, 0, 0, 0.00%, 0, 0, 1, 4322.10
1497238456, 776, 0, 1, 0, 0, 0.00%, 0, 0, 1, 4606.54
1497238461, 858, 0, 1, 0, 0, 0.00%, 0, 0, 1, 4282.67
1497238467, 924, 0, 1, 0, 0, 0.00%, 0, 0, 1, 3393.80
1497238472, 986, 0, 1, 0, 0, 0.00%, 0, 0, 1, 3556.27
1497238477, 1071, 0, 1, 0, 0, 0.00%, 0, 0, 1, 5455.68
1497238482, 1152, 0, 1, 0, 0, 0.00%, 0, 0, 1, 5215.00
1497238487, 1230, 0, 1, 0, 0, 0.00%, 0, 0, 1, 4320.02
1497238492, 1292, 0, 1, 0, 0, 0.00%, 0, 0, 1, 4009.42
1497238497, 1358, 0, 1, 0, 0, 0.00%, 0, 0, 1, 3710.75
1497238502, 1437, 0, 1, 0, 0, 0.00%, 0, 0, 1, 4018.59
1497238507, 1515, 0, 1, 0, 0, 0.00%, 0, 0, 1, 3997.53
1497238513, 1587, 0, 1, 0, 0, 0.00%, 0, 0, 1, 3814.62
1497238518, 1651, 0, 1, 0, 0, 0.00%, 0, 0, 1, 3229.93
1497238523, 1722, 0, 1, 0, 0, 0.00%, 0, 0, 1, 3384.97
1497238528, 1783, 0, 1, 0, 0, 0.00%, 0, 0, 1, 3088.98
1497238533, 1822, 0, 1, 0, 0, 0.00%, 0, 0, 1, 2400.85
1497238538, 1858, 0, 1, 0, 0, 0.00%, 0, 0, 1, 1805.43
1497238543, 1893, 0, 1, 0, 0, 0.00%, 0, 0, 1, 1812.93
1497238549, 1968, 0, 1, 0, 0, 0.00%, 0, 0, 1, 3378.48
1497238554, 2055, 0, 1, 0, 0, 0.00%, 0, 0, 1, 5070.20
1497238559, 2138, 0, 1, 0, 0, 0.00%, 0, 0, 1, 4383.66
1497238564, 2196, 0, 1, 0, 0, 0.00%, 0, 0, 1, 2612.09
1497238569, 2277, 0, 1, 0, 0, 0.00%, 0, 0, 1, 4662.55
1497238574, 2360, 0, 1, 0, 0, 0.00%, 0, 0, 1, 4398.77
1497238580, 2443, 0, 1, 0, 0, 0.00%, 0, 0, 1, 4198.89
1497238585, 2488, 0, 1, 0, 0, 0.00%, 0, 0, 1, 2867.09
1497238590, 2572, 0, 1, 0, 0, 0.00%, 0, 0, 1, 3910.35
1497238595, 2622, 0, 1, 0, 0, 0.00%, 0, 0, 1, 2675.91
1497238600, 2656, 0, 1, 0, 0, 0.00%, 0, 0, 1, 1965.86
1497238605, 2711, 0, 1, 0, 0, 0.00%, 0, 0, 1, 2908.60
1497238610, 2776, 0, 1, 0, 0, 0.00%, 0, 0, 1, 3021.97
1497238615, 2834, 0, 1, 0, 0, 0.00%, 0, 0, 1, 3135.08
1497238621, 2881, 0, 1, 0, 0, 0.00%, 0, 0, 1, 2809.53
1497238626, 2964, 0, 1, 0, 0, 0.00%, 0, 0, 1, 3954.98
1497238631, 3010, 0, 1, 0, 0, 0.00%, 0, 0, 1, 2638.27
1497238636, 3073, 0, 1, 0, 0, 0.00%, 0, 0, 1, 3298.14
1497238641, 3150, 0, 1, 0, 0, 0.00%, 0, 0, 1, 4078.35
1497238646, 3230, 0, 1, 0, 0, 0.00%, 0, 0, 1, 4168.16
1497238652, 3311, 0, 1, 0, 0, 0.00%, 0, 0, 1, 4029.04
1497238657, 3393, 0, 1, 0, 0, 0.00%, 0, 0, 1, 4173.12
1497238662, 3472, 0, 1, 0, 0, 0.00%, 0, 0, 1, 4173.38
1497238667, 3553, 0, 1, 0, 0, 0.00%, 0, 0, 1, 4196.54
1497238672, 3629, 0, 1, 0, 0, 0.00%, 0, 0, 1, 3910.55
1497238677, 3676, 0, 1, 0, 0, 0.00%, 0, 0, 1, 2977.81
1497238682, 3758, 0, 1, 0, 0, 0.00%, 0, 0, 1, 3857.05
1497238687, 3839, 0, 1, 0, 0, 0.00%, 0, 0, 1, 4072.97
1497238693, 3907, 0, 1, 0, 0, 0.00%, 0, 0, 1, 3797.55
1497238698, 3973, 0, 1, 0, 0, 0.00%, 0, 0, 1, 3686.34
1497238703, 4052, 0, 1, 0, 0, 0.00%, 0, 0, 1, 4036.25
1497238708, 4120, 0, 1, 0, 0, 0.00%, 0, 0, 1, 3796.10
1497238713, 4182, 0, 1, 0, 0, 0.00%, 0, 0, 1, 3691.87
1497238718, 4253, 0, 1, 0, 0, 0.00%, 0, 0, 1, 4589.07
1497238723, 4323, 0, 1, 0, 0, 0.00%, 0, 0, 1, 3737.98
1497238728, 4384, 0, 1, 0, 0, 0.00%, 0, 0, 1, 2892.98
1497238734, 4454, 0, 1, 0, 0, 0.00%, 0, 0, 1, 3540.38
1497238739, 4512, 0, 1, 0, 0, 0.00%, 0, 0, 1, 3284.90
1497238744, 4583, 0, 1, 0, 0, 0.00%, 0, 0, 1, 3451.99
1497238749, 4660, 0, 1, 0, 0, 0.00%, 0, 0, 1, 3711.84
1497238754, 4740, 0, 1, 0, 0, 0.00%, 0, 0, 1, 4004.72
1497238759, 4803, 0, 1, 0, 0, 0.00%, 0, 0, 1, 3683.58
1497238764, 4876, 0, 1, 0, 0, 0.00%, 0, 0, 1, 3799.47
1497238769, 4958, 0, 1, 0, 0, 0.00%, 0, 0, 1, 4127.55
1497238774, 5010, 0, 1, 0, 0, 0.00%, 0, 0, 1, 3000.28
1497238779, 5078, 0, 1, 0, 0, 0.00%, 0, 0, 1, 3256.99
1497238785, 5157, 0, 1, 0, 0, 0.00%, 0, 0, 1, 3895.74
1497238790, 5221, 0, 1, 0, 0, 0.00%, 0, 0, 1, 3036.73
1497238795, 5300, 0, 1, 0, 0, 0.00%, 0, 0, 1, 4433.43
1497238800, 5360, 0, 1, 0, 0, 0.00%, 0, 0, 1, 3692.28
1497238805, 5444, 0, 1, 0, 0, 0.00%, 0, 0, 1, 4062.20
1497238810, 5518, 0, 1, 0, 0, 0.00%, 0, 0, 1, 4646.51
1497238816, 5603, 0, 1, 0, 0, 0.00%, 0, 0, 1, 4481.64
1497238821, 5677, 0, 1, 0, 0, 0.00%, 0, 0, 1, 3983.15
1497238826, 5762, 0, 1, 0, 0, 0.00%, 0, 0, 1, 4236.15
1497238831, 5844, 0, 1, 0, 0, 0.00%, 0, 0, 1, 4657.37
1497238836, 5924, 0, 1, 0, 0, 0.00%, 0, 0, 1, 4220.48
1497238841, 6002, 0, 1, 0, 0, 0.00%, 0, 0, 1, 4052.37
1497238846, 6084, 0, 1, 0, 0, 0.00%, 0, 0, 1, 4154.53
1497238852, 6167, 0, 1, 0, 0, 0.00%, 0, 0, 1, 4208.95
1497238857, 6244, 0, 1, 0, 0, 0.00%, 0, 0, 1, 4064.95
1497238862, 6318, 0, 1, 0, 0, 0.00%, 0, 0, 1, 3821.31
1497238867, 6397, 0, 1, 0, 0, 0.00%, 0, 0, 1, 3960.67
1497238872, 6479, 0, 1, 0, 0, 0.00%, 0, 0, 1, 4843.27
1497238877, 6562, 0, 1, 0, 0, 0.00%, 0, 0, 1, 5321.64
1497238882, 6643, 0, 1, 0, 0, 0.00%, 0, 0, 1, 4360.03
1497238888, 6722, 0, 1, 0, 0, 0.00%, 0, 0, 1, 4043.28
1497238893, 6787, 0, 1, 0, 0, 0.00%, 0, 0, 1, 4310.08
1497238898, 6873, 0, 1, 0, 0, 0.00%, 0, 0, 1, 4420.51
1497238903, 6949, 0, 1, 0, 0, 0.00%, 0, 0, 1, 4238.42
1497238908, 7036, 0, 1, 0, 0, 0.00%, 0, 0, 1, 4418.37
1497238913, 7106, 0, 1, 0, 0, 0.00%, 0, 0, 1, 2202.58
1497238918, 7188, 0, 1, 0, 0, 0.00%, 0, 0, 1, 3706.20
1497238923, 7255, 0, 1, 0, 0, 0.00%, 0, 0, 1, 798.56
1497238929, 7330, 0, 1, 0, 0, 0.00%, 0, 0, 1, 3086.10
1497238934, 7400, 0, 1, 0, 0, 0.00%, 0, 0, 1, 3493.36
1497238939, 7459, 0, 1, 0, 0, 0.00%, 0, 0, 1, 3344.40
1497238944, 7527, 0, 1, 0, 0, 0.00%, 0, 0, 1, 3536.84
1497238949, 7604, 0, 1, 0, 0, 0.00%, 0, 0, 1, 3802.02
1497238954, 7689, 0, 1, 0, 0, 0.00%, 0, 0, 1, 4129.47
1497238959, 7771, 0, 1, 0, 0, 0.00%, 0, 0, 1, 7228.52
1497238965, 7855, 0, 1, 0, 0, 0.00%, 0, 0, 1, 4749.17
1497238970, 7939, 0, 1, 0, 0, 0.00%, 0, 0, 1, 4320.63
1497238975, 8020, 0, 1, 0, 0, 0.00%, 0, 0, 1, 5210.03
1497238980, 8103, 0, 1, 0, 0, 0.00%, 0, 0, 1, 4381.34
1497238985, 8180, 0, 1, 0, 0, 0.00%, 0, 0, 1, 4101.33
1497238990, 8243, 0, 1, 0, 0, 0.00%, 0, 0, 1, 1918.25
1497238996, 8323, 0, 1, 0, 0, 0.00%, 0, 0, 1, 3497.78
1497239001, 8402, 0, 1, 0, 0, 0.00%, 0, 0, 1, 3882.45
1497239006, 8480, 0, 1, 0, 0, 0.00%, 0, 0, 1, 3975.22
1497239011, 8539, 0, 1, 0, 0, 0.00%, 0, 0, 1, 3198.89
1497239016, 8612, 0, 1, 0, 0, 0.00%, 0, 0, 1, 3755.59
1497239021, 8697, 0, 1, 0, 0, 0.00%, 0, 0, 1, 4176.14
1497239027, 8760, 0, 1, 0, 0, 0.00%, 0, 0, 1, 1669.25
1497239032, 8799, 0, 1, 0, 0, 0.00%, 0, 0, 1, 2040.51
1497239037, 8878, 0, 1, 0, 0, 0.00%, 0, 0, 1, 3598.85
1497239042, 8944, 0, 1, 0, 0, 0.00%, 0, 0, 1, 3311.49
